#	Frequency (Hz)	Impedance (Ohm)	Phase (Deg)	
1	1000	0,000560552734029978	4,82452711974702
1	1071,51930523761	0,0005416886922197	7,14209337070298
1	1148,15362149688	0,000533371841688483	7,04294605382029
1	1230,26877081238	0,000539849298208619	7,04213373788446
1	1318,25673855641	0,000538129396486326	8,27278908202941
1	1412,53754462275	0,000534765524195188	8,91391828894431
1	1513,56124843621	0,000524927278521026	10,7650150981778
1	1621,81009735893	0,000518067333592301	12,6218435007175
1	1737,80082874938	0,000563457570139584	16,3469953317383
1	1862,08713666287	0,000518272901595398	14,398555985846
1	1995,26231496888	0,000519917198883852	17,0568662664533
1	2137,96208950223	0,000514601319963502	16,2707135709588
1	2290,86765276777	0,000576133502340014	19,5856516145035
1	2454,70891568503	0,000596389846115746	21,8414402405361
1	2630,26799189538	0,000532884856934725	23,7168477170005
1	2818,38293126445	0,000541318612371868	26,7012920106756
1	3019,95172040202	0,000628944117556202	22,4937176599206
1	3235,93656929628	0,000573547161269501	28,2921698624638
1	3467,36850452532	0,000597200960721228	30,4654517183948
1	3715,35229097172	0,000619368975789402	31,6169105015001
1	3981,07170553497	0,000707127470434435	33,1952184102704
1	4265,79518801593	0,000658666852178837	32,4537477221939
1	4570,88189614875	0,000607535285895156	31,0642288773697
1	4897,78819368446	0,00065802335701887	34,3164048480271
1	5248,07460249772	0,000631190138287628	37,694095890147
1	5623,41325190349	0,000633797750820474	40,4545209404637
1	6025,59586074358	0,000665723443822306	43,8796093297793
1	6456,54229034656	0,000736064761026864	46,102881890377
1	6918,30970918936	0,000782103178029204	49,5549261550406
1	7413,10241300918	0,000851706901337979	51,2162462238737
1	7943,28234724281	0,000898955659891943	52,9247825025595
1	8511,38038202376	0,000947196650326792	50,2553545067154
1	9120,1083935591	0,00104276493305608	54,9674727922125
1	9772,37220955811	0,00109952852709957	56,0489569531524
1	10471,285480509	0,00119376421446782	56,8203613736253
1	11220,1845430196	0,0012856894876208	57,149986225213
1	12022,6443461741	0,00138201268098962	57,6040616579294
1	12882,4955169313	0,00149019184356974	57,2980602121534
1	13803,8426460288	0,00159326348179086	57,2581168269142
1	14791,0838816821	0,00171810849886565	57,1610545940367
1	15848,9319246111	0,00187613782389088	56,6174173928187
1	16982,4365246175	0,00202376045740911	55,7701297530128
1	18197,0085860998	0,00217363697605111	54,91449395979
1	19498,4459975805	0,00232997579683744	53,9922233643655
1	20892,9613085404	0,00249967295148197	52,7528883884757
1	22387,2113856834	0,00268912522561639	51,3214754429274
1	23988,3291901949	0,00288106363190423	50,2542479676501
1	25703,9578276886	0,00306062528398839	48,4986912146468
1	27542,2870333816	0,00330812394233394	46,1486421329801
1	29512,0922666638	0,00350592552878761	43,8884893641069
1	31622,7766016838	0,00371287396948795	41,5115546468252
1	33884,4156139203	0,00390108451729664	39,2800336894018
1	36307,8054770102	0,00407726917281928	37,0591804020603
1	38904,514499428	0,00423906925340012	34,8298513517709
1	41686,9383470336	0,00438089667961451	32,487492756956
1	44668,3592150963	0,00458655018806869	29,2903817340566
1	47863,0092322638	0,00477460178475426	26,097270796792
1	51286,1383991365	0,0049449577973364	23,057008418745
1	54954,0873857625	0,0051013203996085	19,7486414156009
1	58884,3655355588	0,00523427099208252	16,6665062413794
1	63095,7344480193	0,00534401505071451	12,5788480256671
1	67608,2975391982	0,00542433657123404	8,51032436523858
1	72443,5960074989	0,00546409229305119	4,56764372988096
1	77624,7116628691	0,00546990749756752	-0,0446405454865253
1	83176,3771102671	0,00543638139891192	-4,51744896012713
1	89125,0938133746	0,00536694530862029	-8,58200553313413
1	95499,2586021437	0,00526294145191654	-12,4600322071103
1	102329,299228075	0,00512121787434034	-16,6449688707139
1	109647,819614319	0,00491631454268513	-21,1091854403411
1	117489,755493953	0,00468616335377556	-24,932389877928
1	125892,541179417	0,0044554319827834	-28,3446444010839
1	134896,288259165	0,00419785492633262	-32,6644700962875
1	144543,977074593	0,00383746595510401	-35,7242277080244
1	154881,661891248	0,00350146232295543	-38,1023255560598
1	165958,690743756	0,00316888914630009	-39,9584509102997
1	177827,941003892	0,00286396296094956	-41,3765285856169
1	190546,071796324	0,00256648795369275	-42,2795095958847
1	204173,794466953	0,00227243989777275	-42,5680321825522
1	218776,162394955	0,00198774951793776	-41,4370069470453
1	234422,881531992	0,00171037099470699	-38,6774575323414
1	251188,643150958	0,00148900571576047	-35,3191292785478
1	269153,480392691	0,00129375194764811	-28,6569790647821
1	288403,150312661	0,00116462649308354	-20,0434309240091
1	309029,543251359	0,00109862651626954	-10,9548254180291
1	331131,121482591	0,00107775717092042	-1,07130781839072
1	354813,389233575	0,00109943592730762	8,19686803401833
1	380189,396320561	0,00114545602994152	16,4059519264754
1	407380,277804112	0,00121519505299941	24,0064944636107
1	436515,832240166	0,00133005292750202	30,1894401814249
1	467735,141287198	0,00145071302834726	35,9798920353834
1	501187,233627271	0,00161491861148901	39,9855987593164
1	537031,796370253	0,00179396660965515	42,7022200354095
1	575439,937337157	0,00197629499302964	44,8698098345349
1	616595,001861482	0,00217326077612035	46,7300124979422
1	660693,448007596	0,00234367675187473	47,3639481120763
1	707945,784384137	0,00259388319796551	48,5071930082343
1	758577,575029184	0,00289280620983834	48,0900555088172
1	812830,5161641	0,00319388863657549	45,6005898788779
1	870963,58995608	0,00346916214862314	42,5990736026137
1	933254,300796991	0,0037628144257384	38,7457484488594
1	1000000	0,00401420314064147	33,012481340629
2	100	0,000591272528472396	2,66002569463984
2	105,925372517729	0,000592312954075078	2,20872549948361
2	112,201845430196	0,000581398418566082	3,20212271765342
2	118,850222743702	0,0005861429975279	1,69556023397053
2	125,892541179417	0,000578177136122209	2,02112982007975
2	133,352143216332	0,000579090295067026	1,36353861955542
2	141,253754462275	0,000583627056813599	2,9650880742111
2	149,623565609443	0,000586680229641665	1,43620385825043
2	158,489319246111	0,000582722360225298	1,81344198502046
2	167,880401812256	0,000578921571763224	1,54978320397583
2	177,827941003892	0,000575760696073172	1,53076206206483
2	188,36490894898	0,000578973383543969	1,39526971568189
2	199,526231496888	0,000582251885568777	1,33548544998559
2	211,348903983665	0,000580538651329645	1,20392833263207
2	223,872113856834	0,000586307247658752	1,86625407404116
2	237,137370566166	0,000586133624426056	1,39641185885803
2	251,188643150958	0,000583080793282705	0,669731709629787
2	266,072505979881	0,000581657345016926	2,70073108674433
2	281,838293126445	0,000575326639359533	0,381427886251117
2	298,538261891796	0,000575455510269072	2,08125783763493
2	316,227766016838	0,00057337716897878	1,33863642834615
2	334,965439157828	0,000574613065370279	1,81059874983913
2	354,813389233575	0,000574016040990058	1,07209539565413
2	375,837404288444	0,000576916451100348	1,1780798378046
2	398,107170553497	0,000589743596114542	1,33220123355209
2	421,696503428582	0,000574950827037485	1,4286010986994
2	446,683592150963	0,000574547633252005	1,01087365152569
2	473,15125896148	0,000572902456541602	5,03288676131521
2	501,187233627272	0,000563347698297622	2,23418228001508
2	530,884444230988	0,000567281968549912	2,11391113800001
2	562,341325190349	0,000559557464255764	2,7277844374299
2	595,66214352901	0,000569107526295706	2,58430421729378
2	630,957344480193	0,00056904130924468	1,88085204908793
2	668,343917568615	0,000561014149667557	2,90973328370268
2	707,945784384138	0,000555743322010503	3,85600228735666
2	749,894209332456	0,000561936266946967	4,0755621788481
2	794,328234724281	0,000550085340828847	3,01423111402551
2	841,395141645195	0,000542702522178216	4,63564462704253
2	891,250938133746	0,000563093608418464	12,0597508214229
2	944,060876285924	0,000538704102556574	4,99101779512307
2	1000	0,000538858163771739	4,77907293773983
2	1059,25372517729	0,000545550220952047	6,81125875608944
2	1122,01845430196	0,00056848954050602	7,42595167256258
2	1188,50222743702	0,000538144619488795	7,83705993974536
2	1258,92541179417	0,000537509902387716	9,45355679504701
2	1333,52143216332	0,000541883253349563	9,1012959245856
2	1412,53754462276	0,000542516634338238	8,72982108564852
2	1496,23565609443	0,000535957156174164	9,9815062259442
2	1584,89319246111	0,000580240158114289	12,110383919853
2	1678,80401812256	0,000542654213768015	11,8331920648679
2	1778,27941003892	0,000542745037686636	12,1115723465337
2	1883,6490894898	0,000577997050764056	18,3947711432822
2	1995,26231496888	0,000536261440709499	16,9573000040735
2	2113,48903983665	0,000536365134202409	17,5572531036022
2	2238,72113856834	0,000549368650600084	18,8988034756684
2	2371,37370566166	0,000545654983731766	19,5707403794601
2	2511,88643150958	0,000557346690433896	22,2189763581671
2	2660,72505979881	0,000558605647631686	23,849471848617
2	2818,38293126445	0,00057130961275924	26,6999493143718
2	2985,38261891796	0,000630507611795561	27,1277028419786
2	3162,27766016838	0,000587499305759026	28,5613435011396
2	3349,65439157828	0,000538116078352685	29,9818988131184
2	3548,13389233575	0,000683517733814783	22,0880582879793
2	3758,37404288444	0,000636014255249281	31,6408602448901
2	3981,07170553497	0,000657482845803295	32,5852614381621
2	4216,96503428582	0,000601365176292097	27,7632970372555
2	4466,83592150964	0,000656765965961309	23,5514423273478
2	4731,5125896148	0,000654925526720336	32,7750277173536
2	5011,87233627273	0,000622446921723926	35,3258707921143
2	5308,84444230988	0,00063242583395924	37,537630851322
2	5623,41325190349	0,000648066591745642	31,2224869710921
2	5956,62143529011	0,000661334429147941	43,4379195842104
2	6309,57344480193	0,000731751981501144	45,6546817613045
2	6683,43917568615	0,000766536641974124	47,7833851362132
2	7079,45784384138	0,000823452617819227	50,1443272807147
2	7498,94209332456	0,000800371922728224	42,7651117078364
2	7943,28234724282	0,000898843836967576	52,9530757379397
2	8413,95141645195	0,000977005393554305	54,1346593334166
2	8912,50938133746	0,00100279716433068	54,7938388842484
2	9440,60876285924	0,0010837562510986	55,5574591614892
2	10000	0,00115434363433934	56,1250824099073
2	10592,5372517729	0,00123131962731222	56,9534601675811
2	11220,1845430197	0,00130022948199881	57,1984245486211
2	11885,0222743702	0,00138137392866092	57,306924057629
2	12589,2541179417	0,00145433813207672	57,3008440129718
2	13335,2143216332	0,00154942510273123	56,9566166437238
2	14125,3754462276	0,00163231529629381	57,0464062001912
2	14962,3565609444	0,00176053267425592	56,7219329092784
2	15848,9319246111	0,00189285834061577	56,2517563052172
2	16788,0401812256	0,00201678619257364	55,9982990981334
2	17782,7941003892	0,00212576679358379	55,1268951233782
2	18836,490894898	0,00226632944293493	54,3140867362585
2	19952,6231496888	0,00240246190026099	53,4705255553799
2	21134,8903983665	0,00254441337090709	52,5337288284297
2	22387,2113856834	0,00271987150604566	51,115959534182
2	23713,7370566166	0,00285793576685871	50,1610833975079
2	25118,8643150958	0,00305174196996528	48,541940713887
2	26607,2505979881	0,0032169665593562	47,0254075225018
2	28183,8293126445	0,00336686694056128	45,2306738334571
2	29853,8261891796	0,00351427719636719	43,6943510194299
2	31622,7766016838	0,00373139791410323	41,3071853853177
2	33496,5439157828	0,00383064191906869	40,1813262099773
2	35481,3389233576	0,00400560964888599	37,9365613550135
2	37583,7404288444	0,00417810228402204	35,7377592105302
2	39810,7170553497	0,0043280357335845	33,4033143231172
2	42169,6503428582	0,00446779544142278	31,1986040395985
2	44668,3592150963	0,00460517733639185	29,2910029901521
2	47315,1258961481	0,00473243810398426	27,2222079766546
2	50118,7233627273	0,00491209317518257	23,9902976773814
2	53088,4444230988	0,0050110541783557	21,6300985711997
2	56234,1325190349	0,00515476963262999	18,3085456562413
2	59566,2143529011	0,00526902380683412	15,3391545356247
2	63095,7344480194	0,00535886643902302	12,2205262790382
2	66834,3917568615	0,00541403676411371	9,16215762585466
2	70794,5784384137	0,00546368400046562	5,28215921858879
2	74989,4209332456	0,00548414046257932	1,48086278563295
2	79432,8234724282	0,0054730701946348	-1,31721848494644
2	84139,5141645196	0,00542267244092656	-5,62038350646185
2	89125,0938133746	0,00536599129188194	-8,94588650859941
2	94406,0876285923	0,00529305942608549	-11,9273077896143
2	100000	0,00516584744853364	-15,4279582023171
2	105925,372517729	0,00499972880829393	-19,5204034887988
2	112201,845430197	0,00483965972817234	-22,5323777865851
2	118850,222743702	0,00463768660188617	-25,6810366395805
2	125892,541179417	0,00444331796962023	-28,5313656166155
2	133352,143216332	0,00421523759610301	-32,3082486590495
2	141253,754462276	0,00395551131026879	-35,0863320845898
2	149623,565609444	0,00362437047016457	-37,2606298123997
2	158489,319246111	0,00338164849689218	-38,9449161587979
2	167880,401812256	0,00308803587187237	-40,4425630710284
2	177827,941003892	0,00285190179629325	-41,3224954620128
2	188364,90894898	0,0025728397875297	-42,1737889811619
2	199526,231496888	0,00235328077955508	-42,3791690031028
2	211348,903983665	0,00210206448215188	-41,7554783453779
2	223872,113856834	0,00186735220234077	-40,5137411025831
2	237137,370566166	0,00167851546010423	-38,3734333807305
2	251188,643150958	0,00147574442013637	-34,7749430226094
2	266072,505979881	0,00131923984744437	-29,7177600101817
2	281838,293126445	0,0011972677536395	-22,8457314926684
2	298538,261891796	0,00112056117228727	-14,8530267576495
2	316227,766016838	0,00108566976737739	-7,06382095107855
2	334965,439157828	0,00107975163446598	1,24533813462783
2	354813,389233576	0,00110400994152172	8,4752809564091
2	375837,404288444	0,00113505232065908	15,6789159480813
2	398107,170553497	0,00119407535387062	22,058591763989
2	421696,503428582	0,00129168462711096	27,4541645740951
2	446683,592150963	0,00138354621699409	32,5477632733852
2	473151,258961481	0,00148923048088112	36,6004766986306
2	501187,233627272	0,0016285642028874	39,8919679717525
2	530884,444230988	0,00178122673075837	42,5713029395232
2	562341,325190349	0,00191749455459257	44,0896877886189
2	595662,143529011	0,00206248848816782	45,5401667904142
2	630957,344480194	0,00221548783828476	46,865488900039
2	668343,917568615	0,00240370381767863	47,9903655661533
2	707945,784384137	0,00259754499588651	47,9058873122899
2	749894,209332456	0,00285601964576153	48,0348190869878
2	794328,234724282	0,00310342916237583	46,2058490363275
2	841395,141645196	0,00336076241153263	44,4165247064218
2	891250,938133746	0,00360793964402085	41,805711636321
2	944060,876285923	0,00381609783000107	37,926037288784
2	1000000	0,00400542093859617	32,6284849449531
2	1059253,72517729	0,00407817862730507	26,47174136057
2	1122018,45430196	0,00389928305584256	19,3743976364854
2	1188502,22743702	0,00356422214520571	14,2567814309472
2	1258925,41179417	0,00312805151051555	12,1340537667123
2	1333521,43216332	0,00268462800471909	12,4557427688464
2	1412537,54462276	0,00233903907383912	16,3377382131169
2	1496235,65609443	0,00204477704385452	23,6639764660258
2	1584893,19246111	0,00194436490858679	32,8608706652158
2	1678804,01812256	0,00192471406398314	43,0299645176365
2	1778279,41003892	0,00201083929186748	51,5732957776757
2	1883649,0894898	0,00209383473160721	60,5821356722586
2	1995262,31496888	0,0023607411526721	65,0563468086789
2	2113489,03983665	0,002627647573737	69,5305579450993
2	2238721,13856834	0,00281127881248483	74,8810028697253
2	2371373,70566166	0,00309219305104187	78,511019171808
2	2511886,43150958	0,00334419286792793	81,1350006116843
2	2660725,05979881	0,00359706846151873	82,8246379147169
2	2818382,93126445	0,00396304583574544	85,8716065904519
2	2985382,61891796	0,00431464409611952	86,120987378143
2	3162277,66016838	0,00460094548961213	86,0846377962497
2	3349654,39157828	0,00487057293488699	88,2667136359002
2	3548133,89233575	0,00508644888082201	89,7234718693892
2	3758374,04288444	0,00536128500650367	90,1816017348443
2	3981071,70553498	0,00564066038061692	93,4707249741746
2	4216965,03428582	0,0059773125365708	95,3822689302084
2	4466835,92150963	0,00632451188884869	96,8841516301065
2	4731512,5896148	0,00676947458423061	98,3382474425814
2	5011872,33627272	0,00708835573568319	100,165294388765
2	5308844,44230989	0,00752495972097753	101,739643556136
2	5623413,25190349	0,00787275471380262	103,732488031013
2	5956621,43529011	0,008251983273348	107,193415708715
2	6309573,44480194	0,00884642445369577	109,319197259831
2	6683439,17568615	0,00936541780164313	110,550097700271
2	7079457,84384139	0,0098363411515654	112,114960428931
2	7498942,09332456	0,010217329569313	115,114342640925
2	7943282,34724282	0,0109509390287347	117,392708372172
2	8413951,41645196	0,0114567063301095	120,430079571294
2	8912509,38133746	0,012165846118664	123,61669627161
2	9440608,76285925	0,0127650010324387	125,406091568641
2	10000000	0,013423473457966	128,253644923331
